k = 9
# m=1000000, E[load]=(w/(1+w))=0.9, Kmax(sim. dels.)=10000000
#m n K freeFraction successfull unsuccessfull E[Load] w
1000000 0.006792 1 0.993208 1.00294 0.006866 0.9 9
1000000 0.0098 2 0.9902 1.0051 0.009942 0.9 9
1000000 0.011613 4 0.988387 1.00629 0.011813 0.9 9
1000000 0.01549 8 0.98451 1.00884 0.01586 0.9 9
1000000 0.019526 16 0.980474 1.01091 0.020121 0.9 9
1000000 0.023868 32 0.976131 1.01282 0.024753 0.9 9
1000000 0.0347 64 0.965299 1.01839 0.036629 0.9 9
1000000 0.048925 128 0.951072 1.02522 0.052791 0.9 9
1000000 0.069391 256 0.9306 1.03669 0.077442 0.9 9
1000000 0.095715 512 0.904253 1.05279 0.111755 0.9 9
1000000 0.130496 1024 0.869411 1.07583 0.162005 0.9 9
1000000 0.17957 2048 0.820214 1.11097 0.24408 0.9 9
1000000 0.245982 4096 0.75343 1.16622 0.382452 0.9 9
1000000 0.335485 8192 0.662838 1.26197 0.644272 0.9 9
1000000 0.441849 16384 0.553927 1.42086 1.1449 0.9 9
1000000 0.566682 32768 0.423302 1.71634 2.31396 0.9 9
1000000 0.699689 65536 0.278592 2.34841 5.89754 0.9 9
1000000 0.81468 131072 0.145121 3.85237 19.8395 0.9 9
1000000 0.881795 262144 0.05466 7.4067 81.0323 0.9 9
1000000 0.899223 524288 0.012475 14.1944 367.564 0.9 9
1000000 0.899652 1048576 0.001428 25.1749 2237.79 0.9 9
1000000 0.899562 2097152 0.000873 31.1375 4435.68 0.9 9
